1446512111313100113111210033231333433300007323135323 0.6086 0.8414
1253531333000000132323332355251500000000001747176767 0.3322 0.6042
1357433333230000211111111142321222422212004464244400 0.5852 0.8276
1436512131113100111121000022423242425200007313337343 0.537 0.7892
1338331313130000213111000055355555553555451525450000 0.2916 0.564
1242512121000000113131110055150000000000007727577767 0.2824 0.5406
1336221232120000221232000014344414243400002373000000 0.2588 0.521
1348523232120000123212120051111121514131214252623232 0.6414 0.8662
1448331323233300211121110032225212123252221434240000 0.4208 0.7204
1542312111212121332313230031110000000000007141610000 0.2304 0.488
1526313121213111112100000023335343334300001767570000 0.2274 0.474
1526312131211111111100000053534353131300006232420000 0.3174 0.6056
1232511121000000133313000043230000000000005171111171 0.2116 0.4252
1357312121310000113121213112323212225252001242220000 0.476 0.7474
1327212131210000133300000042224252423242005474000000 0.2318 0.4986
1447212121213100312111110032522252524232001777000000 0.2752 0.55
1225233333000000221200000045454515350000005333000000 0.1124 0.3016
1535523212222232112121000042121232220000006373737373 0.393 0.657
1248511131000000112111310035554515352515553444441464 0.5762 0.8188
1226533333000000311100000011211111113100007656463646 0.3764 0.6334
1234523232000000213131000053131333000000005626266636 0.2878 0.534
1352511111310000223222222245450000000000001313633363 0.4278 0.6814
1527331313332313122200000041412111313141006161610000 0.3944 0.6856
1253223212000000322212221214544400000000001121000000 0.2582 0.5188
1255413131000000113131213133535313330000007626161600 0.442 0.7072
1458321222221200222232323253135333235353236545350000 0.3712 0.6684
1358332333230000321212321243431333235323432777270000 0.302 0.5746
1255221222000000122232322213333353330000003111000000 0.2874 0.5712
1245322212000000332313130044444444340000006515450000 0.1992 0.448
1552333323233313321232221231110000000000002313530000 0.244 0.497
1236231313000000113121000051115141511100003373000000 0.2302 0.4762
1455512111313100311121312122224212520000002777671747 0.4818 0.7514
1257233333000000312111111121212131314151003141000000 0.4106 0.6966
1356521232220000321212123212521242523200004434644434 0.5812 0.8276
1442511111111100323222120054140000000000003444744454 0.4116 0.6774
1348322212220000321222320044142424344444342535150000 0.3472 0.6428
1557333323133313121222222223232313533323001252720000 0.4704 0.755
1248313131000000223212120032225252325222325121210000 0.455 0.7348
1524531323133323222200000043335313000000007141713171 0.4164 0.6822
1535421212323232313131000051414141210000003222224200 0.4768 0.744
1256533323000000221232221212225232324200006777274747 0.485 0.743
1452232323333300331323233333430000000000006444000000 0.1796 0.4032
1537413111312121111131000045255555552535006363131300 0.5326 0.7884
1543232313331313231313130055251500000000006656000000 0.148 0.3576
1553431333332333132323232331511100000000003727673700 0.3954 0.6664
1232231333000000121212000025350000000000006525000000 0.084 0.2224
1548221212323232231323230012124232124252423141000000 0.4628 0.7502
1543521222222222131333230045454500000000003343235343 0.471 0.7256
1548422212323222113131310023235323232333437373235300 0.6234 0.8548
1457321232122200313131313111515131415131001252720000 0.4902 0.7654
1244211121000000123212220012325232000000006454000000 0.1938 0.4426
1423223212223200233300000031415100000000003121000000 0.183 0.3956
1545233323333313121212220014443414240000006353000000 0.2378 0.5038
1346433313330000333323130012525242322200004727271700 0.4688 0.737
1352331313130000331313131333530000000000007111110000 0.231 0.482
1425212121211100333300000021211131410000005323000000 0.1988 0.447
1226313111000000121200000012225212521200001636260000 0.1734 0.3988
1423523212121200321200000053333300000000001747573717 0.3466 0.6008
1242311131000000322232220033330000000000004757570000 0.1318 0.3306
1424431313231300121200000021513151000000003747173700 0.275 0.5284
1443332313133300123232220021315100000000006272420000 0.2754 0.54
1243413131000000231323130041412100000000003575153500 0.368 0.6288
1522222222323222222200000044240000000000002616000000 0.0978 0.253
1335333333130000223232000033432343330000006575350000 0.1808 0.4216
1328523222220000221200000053535353232343534141414111 0.5172 0.7636
1324412111110000312100000034545434000000005727374700 0.2274 0.4512
1244532323000000311111310023434323000000001242121212 0.492 0.7444
1352522212220000313131312112220000000000005343432373 0.4612 0.7204
1334411111310000113111000054341444000000001333133300 0.353 0.617
1553511111312111312111112152121200000000002757373767 0.4306 0.7074
1435223222121200233313000033432323230000005434000000 0.1822 0.4178
1253313121000000323232221213331300000000005666460000 0.1818 0.412
1452222212122200132323231321110000000000001323000000 0.1976 0.442
1344233313230000211131310023332343000000007343000000 0.209 0.4508
1252333333000000223232323223130000000000004535450000 0.1742 0.391
1423232333333300322200000045354500000000004656000000 0.108 0.2746
1356231313230000311121213142223242521200002656000000 0.2542 0.51
1558331333331333121232323215352525253555451464440000 0.3932 0.6814
1356413111310000121212122231315121112100004313632300 0.5824 0.8196
1256211111000000232333233322522242524200006242000000 0.3258 0.615
1556523232321232332313133342325252222200007212522222 0.6314 0.859
1453213121311100213121111143532300000000004323000000 0.2326 0.4956
